West Ham
0
-10.0
-19.42498872215463
-29.42498872215463
-29.191797318637676
0.449995104815347
26.73043312760516
64.8848756663088
52.267190490465744
15.770106645160652
-50.2617221214984
-91.56950054897332
-106.78146544171507
-63.919032623886835
37.38649978262994
150.14408622008833
219.88387016796443
186.80599672511414
24.97599537332333
-180.6359925892624
-374.6432275965934
-393.54523999419894
-196.31093180966656
159.07369422971237
541.5541849163199
725.8915498587616
558.3726897129279
18.50343735639307
-707.6532099837017
-1246.0452123267326
-1264.581870115424
-537.1616897197537
688.8870129911276
1933.4688832749537
2450.6305824529722
1749.7435780418828
-163.72536650733988
-2594.35675677067
-4324.100334812552
Huddersfield
0
-10.0
-19.42498872215463
-21.211312896304374
-12.649497784789233
-4.263145181169776
6.141172348262511
6.943074132885762
10.891367628751915
-6.855427826784172
-22.409092405012643
-23.297439979687002
-21.000153905321724
10.520756883893206
21.0009004967908
27.43349364111237
11.061474777724962
-19.986517463568852
-56.764041065750106
-75.11535779854204
-66.86609442981695
-28.4358610117661
42.45187669595243
98.19846422018918
107.99454878313216
46.04722573138355
-56.98004756653045
-171.8365177583184
-216.88738392158697
-161.53269564894694
-2.4044261305843246
194.7159873790341
336.3418568617964
321.94059498035784
107.22794738935166
-249.11389887781942
-590.2043766721907
-689.5265885864908
-450.58121531307927
Arsenal
0
-10.0
-19.42498872215463
-9.42498872215463
10.43719051074142
38.75989271988152
56.281033097329356
52.88982406933776
23.599829268293483
-21.971580423094764
-74.49455000862388
-95.99144948509762
-76.39644057339807
6.727459020902604
107.72858491284458
177.02746055268616
176.15126351127776
56.29962590145108
-103.68675490802138
-274.13308162070905
-331.5857109434731
-211.69432946274404
45.84043656269503
379.27025425503797
591.654108686745
525.9908714650162
151.54942628770306
-422.7319044001238
-928.7242741841485
-1072.274689593401
-630.5895731710931
303.2505065493351
1355.5252187826823
1986.114791954214
1663.402707474505
307.8355760443213
-1678.4424293594866
-3333.845136834425
-3627.3901332656033
Fulham
0
-10.0
-19.42498872215463
-9.201380539633941
-1.1917411700123153
7.610961826885674
13.467313571772102
3.305979648031853
-13.774880097691064
-36.289233954796316
-46.970412702591034
-43.19855265897752
-14.265310615084552
41.99345392919782
72.93717413018862
83.56811606548246
30.905691576430243
-46.340108893538044
-128.62327968882872
-162.44579280656708
-104.36842981818526
8.05022329793579
151.311503097817
236.1601306661062
230.38648514682862
72.2682011046956
-167.28540984005693
-399.35682754667056
-475.75389162178743
-308.8363384255074
86.49315518081644
559.0484966880483
850.8371020591148
744.3449161405646
185.40850101873852
-645.4322923440385
-1369.77905734522
-1575.1495819713377
-930.0060674533227
Newcastle
0
-10.0
-12.0
-21.09797457380352
-20.59142628827278
-17.489139775258245
1.247016758777343
10.918633292361621
17.86890868844599
6.319210593825238
-7.153965049743757
-11.130375506433406
-6.305360965571094
7.346768777005037
8.741112425894991
9.855658932492302
-2.834460170285447
-1.528480851677422
-16.669085054361528
-23.760284719286737
-15.723934333119733
-10.424629081476375
8.689351604392574
33.19389517701566
49.79989787452967
24.168309386707367
-2.340252153041469
-45.27822861891536
-62.45855099375346
-80.09898621060898
-18.14624128948719
32.51119163378507
107.49437230811434
117.32219478110777
85.96804373990365
-3.5727920120170538
-112.98795492352228
-199.6301974486643
-195.7686276106238
Cardiff
0
-10.0
-12.0
-14.213675825850256
-14.075855058746308
-11.763810437938247
-7.888460020734733
-3.0220500577978804
-1.920667232712777
15.014833073355105
7.273370275812594
-1.470517318626646
-5.63296058563434
-23.382612702172324
-9.644505051309594
-9.987665461418581
23.91819113138954
17.505530843224832
18.091710223522703
-6.976902872200875
-13.643485990363157
-39.012572623308486
-31.808049660284105
-26.9451729094243
11.3778747449213
48.29316005365207
83.67955974908095
61.87557060195121
12.532332710016936
-91.11198158829764
-152.95433175795043
-165.65191060220576
-77.83098020125527
75.12330739853097
241.14925943005875
298.9803688301424
203.85891029222833
-42.15235761025461
-326.6099163708217
Leicester
0
-10.0
0.23021782435583305
9.878349184742202
9.865775249836897
-1.272477614039957
-0.3438314319100737
0.7102030729415301
-8.328682999780183
-18.694474973811218
-22.257724946402497
-3.2644871194702976
9.457495775779892
27.75910682202008
39.36234012154199
29.539213025552826
-11.193078902019188
-57.104303955398265
-76.00448006705301
-52.37003350421501
-6.104677273879293
80.61180890432276
119.57166594093647
117.56930472148376
30.090394381039832
-95.95792264148477
-215.97066082722853
-247.03922192546426
-133.13659407368033
82.82517512909942
333.8917309949104
467.029588425524
384.20642778646845
67.12038480358092
-401.06624421452403
-777.2726805810304
-844.2298519350176
-443.6372077809278
341.6354715003548
Brighton
0
-10.0
0.5750112778453715
-8.86647443304932
-0.8761138026709467
-3.3414938641248995
-6.027191161266101
-15.43392316292396
0.07526077222865268
16.405133269338165
39.48378558685438
29.606876874523124
2.349353798837548
-37.178317887854526
-53.96789839558823
-44.089405603959825
-11.854932934454173
26.70460649958237
63.226941110958194
65.37693724682227
52.5652170569722
-20.73570702970381
-88.43824418613875
-149.13183616568577
-130.67270691464017
-54.00157606433051
94.67087660304954
207.39887830739053
263.02581366561145
168.73844302805634
-44.20120422904379
-315.1863283793412
-491.39045416572554
-447.56329136600374
-124.37699262330882
363.81068760117057
799.4669470975717
911.843939721314
547.8158146754205
Wolves
0
-1.9999999999999996
-12.230217824355833
-13.321620504373064
-1.5548119078900164
19.845438306078236
30.533358511590134
41.75783448369502
32.02145382041532
-9.799175812411324
-59.2017394506986
-96.90866886638493
-88.7329215425784
-38.643000476082086
45.99807805806676
139.1543131405403
183.1406639423951
144.6803680410653
-8.33165291048477
-192.55549531157175
-317.9808219287212
-315.13050654740016
-125.7333674678524
200.35449295420077
526.5497488091924
652.403029437358
441.36320284589044
-77.64899757768197
-731.0483865831549
-1152.4468348798116
-1066.7980509741724
-344.1828250914991
808.3161663005561
1855.1203299759302
2187.3031847040756
1379.028931051021
-456.16071611895705
-2623.5018772156536
-4002.5308082666743
Southampton
0
-1.9999999999999996
-12.0
-21.648131360386373
-9.64199388323544
0.2483749003731437
10.964953219770766
10.93728303879134
-1.2982789758834699
-12.948700378702565
-25.331441066286526
-32.544502154756216
-17.393395400914
-1.3503061763188118
27.546618717091494
30.24061385472546
21.067676140408473
5.644110120299075
-15.252473773357503
-50.592032119144655
-62.134096517644274
-41.03447291379936
22.967735672946603
87.74967546379791
124.15031974148224
108.38553864188883
12.194636392086336
-129.328461348314
-233.58513701978154
-250.0690958454082
-105.61550945200356
133.51039651748758
363.6330788483687
489.2424755991706
337.77854252548934
-37.853703352644665
-519.0961918488505
-876.873926563982
-832.8516976069294
Burnley
0
-1.9999999999999996
-11.654749511352476
-21.878357693873163
-29.881858840739667
-27.39714171899961
3.829662501580801
42.92096643812992
66.63295984243315
50.57235293366161
-2.4597202133680245
-80.052092118792
-128.65195297389258
-132.69039745335692
-61.99524401282481
53.85819697269237
191.4924396443982
237.27590139531122
166.37662467940515
-30.261779092998378
-260.3364422060927
-408.37925923779864
-358.9329671381144
-103.90178678783495
295.00360907147916
642.7336216362404
747.0947919223811
465.2901240340057
-184.43148461410394
-931.9036014572099
-1397.193756843894
-1212.7635355867235
-272.426773429032
1124.7670267180738
2337.5306064629613
2597.957379892335
1453.190407163491
-884.340204071295
-3496.5881635767732
Everton
0
-1.9999999999999996
8.0
6.328719131626514
5.766904020111374
-12.449899681187018
-26.87477046810674
-21.28859939446555
1.4726639734831384
38.2855759435678
47.77354918948467
56.10253315610414
18.306962719907645
-18.990304628851632
-81.51714123092506
-98.63328949185892
-86.15259454198525
-17.27368674720652
72.88267606314281
164.1812347331334
167.56203517060763
83.96735299631578
-73.9206070956964
-244.13048553951108
-309.4580620870038
-235.65736815162063
-9.097247718412778
280.4794174149079
517.1868634048107
525.7380284205926
228.58409470347829
-268.6108364363145
-774.3523552410558
-982.9364725844802
-714.4377177143879
73.77291239858492
1050.1602437449715
1764.597966231184
1695.8522852883052
Man United
0
10.0
-0.5750112778453715
-10.0
-9.996498853133494
1.120512485058665
9.754212783919831
10.788066416987352
20.20641831110256
7.112496443564204
8.12505617512553
0.10214585473678817
-15.654482969531726
-26.472911321047288
-26.92747991443816
-8.175432011349955
28.966449869551727
40.13715113035721
57.714069222827874
36.03746130834311
10.767149105911464
-35.57714031419824
-64.43373404951225
-67.07250823284892
-26.021504540166184
44.88888059093419
115.35486910242943
130.44518500313583
95.09758436634706
-15.967962302542032
-165.36635932786206
-240.73891653439298
-224.82311074409455
-39.45676087449752
187.42388078797842
392.2495023680221
419.84353483355034
220.51391857052027
-186.25839386707716
Crystal Palace
0
10.0
0.0
-9.434893536855192
-29.441031014006125
-18.40239489547095
-10.605683318847827
7.299202108796894
15.592539361469315
16.26008117833922
4.594024585733672
-18.94990841449792
-43.314448888460326
-49.21510129780396
-20.90825420504615
10.178348092948227
53.57269806676292
81.02983720364614
77.33490762365267
20.912631521223787
-63.09823616443238
-134.9518062589213
-158.3378702246832
-99.8849234702767
35.70071142475962
200.84536259375884
305.1754519801568
270.4529072725931
60.06626472468885
-244.73186233474314
-515.5682755728305
-555.7277141313347
-330.9433223487115
192.94337204061281
728.6988844313765
1079.1037847104622
888.709553907943
164.87267794899066
-894.2311219929728
Man City
0
10.0
19.42498872215463
16.516391402171863
16.00984311664112
7.2071401197431335
1.0290741262180134
-4.697923186094302
-15.0043337599571
-3.80246347898437
13.071076842190212
36.58675066650048
49.03334652618916
43.36155898766912
13.50157201819178
-29.105317153910484
-85.01561354144437
-85.87895212348982
-63.257053482534104
9.317192398091443
101.0940987997818
177.51152689443467
171.3526907283672
81.3780988341656
-102.3148016763067
-253.8446917456402
-317.65242547350255
-212.50105066349116
41.60873856348224
372.62229572909115
604.8891687968382
580.3281632877969
210.9969187460529
-373.9200483102144
-937.218942545745
-1128.218372127747
-734.2983778067622
203.39416479941698
1331.829974371887
Bournemouth
0
10.0
19.42498872215463
17.09626959052812
-2.574962257516697
-11.091915940150304
-37.536632057385674
-23.425524213507572
-3.862522522742948
30.359577717691053
61.16030103096149
52.83931556299063
11.335512710612026
-58.45413790602626
-118.02021716604003
-114.7881691156519
-68.21833387182012
42.26410113748294
164.61934124571886
222.89790894927955
165.76696888387104
7.4612168251839455
-221.72996676521683
-368.23833409187336
-364.45981075842
-147.83707964164986
200.67514996138144
553.5974123341815
681.4359902948399
467.39970864135216
-73.48945545287357
-747.1243276772324
-1214.5260508086283
-1141.0366386589665
-386.4466282234061
808.0831138888843
1937.119765444886
2341.1667876518723
1513.0836889944892
Chelsea
0
10.0
19.42498872215463
28.52296329595815
28.19419514400297
18.457161801040275
-10.921250795553053
-40.826843359814745
-47.29681804655335
-37.03585816738177
13.90209190133269
69.15030358664832
101.69615624665877
74.63168561664898
17.736214487987368
-88.38325529856654
-150.46620351535074
-152.79405904178643
-75.04984065711797
89.71547270739129
245.49056223118774
310.6932530578183
225.6240843838448
-21.710584596212772
-343.64357781266835
-549.772215840717
-530.8982043782088
-167.3250526149602
382.81501986953367
901.7134379197852
1049.0465582697277
666.3967845344324
-227.3573429006668
-1256.4039013387967
-1924.2382757996666
-1688.8809328993418
-424.6143031515758
1519.622894417745
3196.5038286168347
Tottenham
0
10.0
19.42498872215463
28.84997744430926
8.856875573800622
-19.9924657986072
-37.29027151272594
-34.29955108636057
-3.6446576749002304
43.41226455552564
65.53619850680593
74.86633177697718
39.558526517074725
-12.815293261054112
-92.69130144487565
-117.55042769867033
-91.76194933206429
17.141134374723126
143.16848875490305
244.87020425522678
208.47402845658786
72.58291611110744
-179.46815571714845
-368.4223819238403
-435.7843741998342
-239.37398159925598
131.49183378884433
554.0772668055747
773.5216744542505
630.0308297869558
60.82843793629043
-712.7590206136671
-1322.842379848503
-1363.6741575728213
-667.9444060114205
658.1007477783287
2001.774966625419
2652.1189786532595
1984.9909994192249
Watford
0
10.0
19.654749511352477
29.08964304820767
29.08274491871631
-1.1140046529829544
-30.858618906443112
-66.98734530790924
-74.3444264055406
-32.19853637786098
43.39939937539096
103.85132754917521
129.84745755189655
76.61712403611658
-35.572949693110246
-171.8468645990937
-245.95437895623232
-194.32426392364778
-10.791484192851598
220.8637849142222
404.6801793033804
405.15807430920023
186.76772183951616
-216.60719560805094
-626.9861937523647
-805.9868022560518
-569.4982096943178
67.91409846025533
854.0781619515063
1423.585263270273
1335.9053424057618
462.1021532944393
-941.4840792380998
-2277.3894216443005
-2719.4915855333647
-1770.0083392655
487.4503995728483
3186.9430633365587
4936.951402602059
Liverpool
0
10.0
20.0
29.44148571089469
29.454059645799994
18.878412296053188
0.3684796261472485
-31.374182599394018
-51.153324441327534
-39.9161809602012
2.2215144945332046
47.27190914404101
94.54408201514555
102.15350166100134
61.305895962929625
-20.43967406384053
-110.70887306264738
-156.25799037194432
-121.96060849709403
-1.3260755992359883
156.08491819402127
264.88515207899655
268.5368275878452
117.09719880384982
-144.92085183902554
-405.48411255964595
-502.8552068746537
-351.00316639616835
74.30368492827839
573.7049745055629
924.7081722544096
853.6030374406869
279.963847030831
-624.7979117090516
-1476.9633592233013
-1736.9273354529605
-1092.9795409298952
384.6580170786445
2121.585352531605
