West Ham
0
-10.0
-29.138670159555765
-39.40164158698565
-87.28069280638813
-74.46972798654522
-143.65721011390502
-270.17691925980523
-277.52097876144586
-555.4395395864071
-548.8834305582996
-1078.2429048519548
-1089.1397561700642
-2178.2795123406195
-2177.9472389815355
-4338.49954136857
-8656.99908273714
-8636.99908273714
-17273.99816547428
-17253.99816547428
-17253.99833459002
-34499.99666918004
-68979.99333836007
-68979.99333836007
-68979.99333836007
-137951.98667672015
-137943.98667672015
-275867.9733534403
-275867.9733534403
-551715.9467068806
-551735.9467068806
-1103451.8934137612
-2206903.7868275223
-2206903.7868275223
-2206903.7868275223
-4413799.573655045
-4413779.573655045
-8827539.14731009
-8827519.14731009
Cardiff
0
-10.0
-21.712256316680026
-24.188676814421896
-57.7919299832813
-62.07341183430319
-128.0206994207034
-262.28022866031125
-264.2729699460242
-510.6603317049522
-510.70005550538747
-1021.5126017380254
-2023.026154797811
-2023.026328604686
-4026.0526572197837
-4043.447593814285
-8066.89518762857
-8066.89518762857
-16133.79037525714
-16125.79037525714
-16105.79037525714
-32211.58075051428
-64415.16150102856
-64415.16150102856
-64415.16150102856
-128810.32300205712
-128790.32300205712
-257580.64600411424
-515161.2920082285
-515161.2920082285
-1030302.584016457
-2060605.168032914
-2060605.168032914
-2060605.168032914
-2060585.168032914
-4121170.336065828
-4121170.336065828
-8242340.672131656
-8242320.672131656
Huddersfield
0
-10.0
-19.138670159555765
-39.80091982136966
-40.37827057061237
-88.74441419474452
-97.16243682162602
-198.14853297319982
-200.91307429517042
-402.203634315863
-402.2489750673148
-785.8725315494421
-1564.8482117807748
-1544.8630117364398
-3089.726040481179
-3089.7260404812205
-3089.7260405773272
-6181.0850744413365
-12362.170148882673
-12362.170148882673
-12362.477815720707
-24724.955631441415
-24736.955631441415
-49473.91126288283
-98947.82252576566
-98947.82252576566
-197895.64505153132
-197895.64505153132
-395771.29010306264
-395771.29010306264
-791542.5802061253
-791562.5802061253
-791562.5802061253
-1583125.1604122506
-1583125.1604122506
-3166250.320824501
-3166250.320824501
-6332492.641649002
-6332484.641649002
Arsenal
0
-10.0
-19.138670159555765
-28.01436889168165
-18.59979253724414
-10.385882742757959
-10.166792889956614
-5.003308937374653
1.010956699829924
10.610630689700477
5.528251084324346
18.285537429032022
29.460350858635017
49.2416227735599
116.76774631015795
118.79220092882476
237.58440195375627
217.5844451606144
435.1688903217272
423.1688903217273
423.1688903217273
846.3377806434546
826.3377806434546
1672.6755612869092
3345.3511225738184
3345.3511225738184
3345.3511225738184
6690.702245147637
13401.404490295274
13409.404490295274
26838.808980590547
53677.617961181095
53657.617961181095
53677.617961181095
107335.23592236219
107315.23592236219
107295.23592236219
214578.47184472438
214578.47184472438
Fulham
0
-10.0
-19.138670159555765
-27.568183059644294
-29.794567718593974
-35.789347334155686
-67.13171074500394
-75.80218830732395
-157.61864225185246
-175.50425043894865
-351.723720485504
-370.34913907069154
-370.3529593128254
-724.436512833415
-724.4365128334151
-1440.9601907595234
-1440.9604442085874
-2901.920888417175
-2913.920888417175
-5819.841777139497
-11639.37588744096
-11639.37588744096
-11659.37588744096
-23318.75177488192
-46617.50354976384
-46617.50354976384
-93235.00709952768
-93255.00709952768
-93275.00709952768
-186550.01419905535
-186550.01419905535
-373100.0283981107
-746200.0567962214
-746200.0567962214
-1492380.1135924428
-1492360.1135924428
-2984720.2271848856
-2984720.2271848856
-5969440.454369771
Newcastle
0
-10.0
-12.287743683319974
-33.041670489605806
-40.663862581916035
-89.54163495831826
-89.12233000423912
-184.09687390170777
-188.96622158536874
-382.53779302421356
-380.66390676827643
-741.3335603326119
-1462.6674590068428
-1443.5914844744286
-2887.515242307941
-2879.515243497685
-5759.030486995374
-5757.397493708692
-11506.794987417385
-11506.794987417385
-11498.794987417385
-22997.58997483477
-22997.58997483477
-45995.17994966954
-91970.35989933908
-91970.35989933908
-91962.35989933908
-183924.71979867815
-367829.4395973563
-367849.4395973563
-735678.8791947126
-735670.8791947126
-735670.8791947126
-1471341.7583894252
-1471321.7583894252
-2942623.5167788505
-2942615.5167788505
-5885231.033557701
-5885231.033557701
Leicester
0
-10.0
-9.482381382176616
0.0967031583871929
-8.40664112497234
-16.657682419305694
-24.8973422117299
-19.045128318500367
-47.34054957003655
-55.92926686007718
-122.41464274826191
-122.30215202101142
-252.35356173457018
-262.67801168757666
-505.3568269499765
-517.2696618572834
-1034.5395049730325
-1039.7541685082153
-1019.7541685082153
-2019.5083370164307
-4059.0166740328614
-4039.016674035148
-8087.6993502636205
-8107.69934639155
-8099.69934639155
-16199.3986927831
-16199.3986927831
-32398.7973855662
-64797.5947711324
-64797.5947711324
-129595.1895422648
-129595.1895422648
-259170.3790845296
-259170.3790845296
-518360.7581690592
-518372.7581690592
-1036725.5163381184
-1036725.5163381184
-2073443.0326762367
Brighton
0
-10.0
-9.138670159555764
-17.717467900433785
-37.208551141917894
-39.44402248192985
-85.34522643268815
-87.81681213661578
-168.2895647715909
-163.6842149181148
-310.9418412818773
-313.952440777116
-333.95148945535584
-661.5785289577052
-661.5785119494059
-1303.2478602058195
-1323.2478503518507
-2646.4957007037015
-2646.4957007037015
-5284.991401407403
-10549.982802814806
-10561.982802814806
-21123.96560562961
-21123.96560562961
-21143.96560562961
-42279.93121125922
-84559.86242251845
-84559.86242251845
-169119.7248450369
-169099.7248450369
-338199.4496900738
-338199.4496900738
-676398.8993801476
-1352817.7987602951
-1352809.7987602951
-1352809.7987602951
-2705631.5975205903
-2705623.5975205903
-5411247.195041181
Burnley
0
-1.9999999999999996
-13.59726555928367
-24.306422818750907
-57.52982598221028
-66.85425225349859
-118.62050825140746
-112.38167843250301
-225.99881554303542
-226.27963535330653
-452.59847238470877
-472.12242864935297
-468.37317095680567
-955.8223164460256
-956.5538254850234
-1913.1076509707786
-3806.215311795526
-3806.215311795526
-3806.2153117960243
-7612.4306235920485
-15224.861078068358
-15224.861078068358
-30429.722156136715
-30421.722156136715
-30413.722156136715
-60819.44431227343
-60819.44431227343
-121618.88862454686
-121638.88862454686
-243277.77724909372
-243277.77724909372
-486555.55449818744
-973091.1089963749
-973071.1089963749
-1946142.2179927498
-1946134.2179927498
-3892268.4359854995
-3892268.4359854995
-7784536.871970999
Wolves
0
-1.9999999999999996
-12.51761861782338
-25.48850163417334
-17.0110920017565
-24.697757732224698
-25.219400868305488
-40.49328594205033
-30.213833219410684
-62.38268777648995
-78.80927633084222
-159.44521282446522
-156.3344888250362
-332.65417769440745
-352.65417768399544
-685.308355367991
-685.3083553679869
-1350.6167107360743
-2701.2334214721486
-2713.233421167002
-2693.233421167002
-5386.466992886636
-5386.466992886636
-10752.933989645344
-21505.867979290688
-21485.867979290688
-42983.735958581376
-42975.735958581376
-42995.735958581376
-85991.47191716275
-85983.47191716275
-86003.47191716275
-171986.9438343255
-172006.9438343255
-344025.887668651
-688031.775337302
-688011.775337302
-1376023.550674604
-1376023.550674604
Southampton
0
-1.9999999999999996
-12.057563991496218
-33.694212523556246
-22.695587993956146
-47.15570464790033
-52.331795649970154
-62.2773114445308
-125.99574506795155
-120.26628180835516
-246.40644987264744
-246.4191199695154
-484.8684466704164
-501.1378524626523
-994.302844619654
-994.3030731211475
-1014.3030731211475
-2008.6061894491531
-2008.6061894491531
-4037.2123788983063
-8074.4247577966125
-8066.4247577966125
-8056.758755603288
-16093.517511206575
-32179.03502241315
-32191.03502241315
-64402.0700448263
-64402.0700448263
-128784.1400896526
-128784.1400896526
-257548.2801793052
-257548.2801793052
-515096.5603586104
-1030173.1207172208
-1030193.1207172208
-1030185.1207172208
-2060362.2414344416
-2060382.2414344416
-4120776.4828688833
Everton
0
-1.9999999999999996
6.057563991496218
4.982274394199101
6.541899537640914
0.27283425543891404
-10.332138340120387
-11.993799117920776
-2.7435061848849642
3.4926483288861494
-5.165906649336929
-7.321213803435153
0.6787766379595119
1.357727082794085
1.3576823494902512
-9.284634111275691
-10.569283689792982
-10.569283689792982
-21.138783860228802
-21.138783860228802
-41.1387838602288
-102.27756771817104
-184.55513543634208
-204.55513543634208
-204.55513543634208
-429.11027087268417
-858.2205417453683
-858.2205417453683
-858.2205417453683
-1708.4410834907367
-1728.4410834907367
-3436.8821669814733
-3436.8821669814733
-6853.764333962947
-6873.764333962947
-13727.528667925893
-13739.528667925893
-27479.057335851787
-27471.057335851787
Man United
0
10.0
-0.8613298404442382
-10.836728000723555
-1.9197476560150832
13.522397087041039
23.566437310162872
6.4289363421580425
17.72722036797706
25.190918759696892
59.040392497616864
77.07428894485878
77.07407528138444
144.45841995355227
132.48555964790168
258.94666467713654
517.8935828033372
517.893582801793
517.893582801793
1035.787165603586
2091.574331206404
2091.574331206404
2111.574331206404
4223.148662412808
8434.297324825617
8434.297324825617
8434.297324825617
16876.594649651233
16876.594649651233
33753.18929930247
33733.18929930247
67486.37859860493
67466.37859860493
134932.75719720987
134912.75719720987
269825.51439441973
539659.0287888395
539647.0287888395
1079274.057577679
Crystal Palace
0
10.0
9.712256316680026
0.558793491732704
-9.881037546134692
-1.89316449261492
-8.205633939308974
-15.390787650832223
-41.06102802430409
-50.04068872296017
-98.9989978405442
-99.00698170117579
-199.47528749501652
-193.7855568857999
-386.839604732602
-406.7487684255943
-426.7487684255943
-848.2828733160056
-828.2828733160056
-1668.5657466320113
-3337.1314932640225
-3337.13134271139
-6674.26268542278
-6674.26268542278
-6686.26268542278
-13372.52537084556
-26757.05074169112
-26757.05074169112
-53514.10148338224
-53514.10148338224
-107048.20296676448
-214096.40593352896
-214096.40593352896
-214096.40593352896
-428192.8118670579
-428172.8118670579
-856337.6237341159
-856337.6237341159
-1712655.2474682317
Bournemouth
0
10.0
19.138670159555762
35.35262991640864
26.49480278308316
61.240646860499666
46.15265060490995
99.49045492134316
115.5155383114443
221.30161336329223
222.01683297089892
425.99976949455595
406.000107836175
792.2189437574251
792.2189436675551
1584.4378873351516
3148.9830002493713
3128.983000249472
6257.966000498944
6237.96603081237
6217.966030813138
12443.932061626276
12423.932061626276
24847.86412325255
49715.7282465051
49695.7282465051
49695.7282465051
99379.4564930102
99359.4564930102
198718.9129860204
198718.9129860204
397425.8259720408
397405.8259720408
794791.6519440816
794791.6519440816
1589563.3038881633
1589551.3038881633
3179122.6077763266
3179102.6077763266
Watford
0
10.0
19.59726555928367
48.347993943514666
105.02954410044036
194.6169434578246
186.16995953451715
170.83968269197857
325.654281993856
327.6093033315246
655.263947414501
635.26969421056
623.2999009419456
1233.0384664315673
1213.0392700063903
2426.077447969179
2414.0774634364207
4828.154926872841
4828.154926872841
9656.309853745683
19300.619707491365
19288.619707491365
19288.619707491365
38565.23941498273
38545.23941498273
38533.23941498273
77066.47882996546
77066.47882996546
77066.47882996546
154132.95765993092
154132.95765993092
154112.95765993092
308225.91531986184
616431.8306397237
616431.8306397237
1232851.6612794474
2465683.3225588948
2465683.3225588948
4931346.6451177895
Liverpool
0
10.0
20.287743683319974
49.15428510751797
57.754332549264696
67.81431509208589
140.8047211862416
143.68758659198255
284.5154994449393
284.89298517046143
569.8256941413581
558.5966588809748
1117.1971380040834
1130.7584734564073
2261.516991646118
2261.5169916468503
2281.409766067782
4562.819532137109
4562.819532137109
9125.639064274217
18251.278128548434
18251.278128548434
18251.278128548434
36502.55625709687
72993.11251419374
72981.11251419374
145962.22502838747
145950.22502838747
291900.45005677495
291888.45005677495
583776.9001135499
583776.9001135499
1167553.8002270998
1167553.8002270998
2335127.6004541996
2335127.6004541996
4670255.200908399
4670255.200908399
9340510.401816798
Man City
0
10.0
29.138670159555762
25.59193455808234
58.80606120847491
123.60690203251153
127.48077778460858
257.43314127314477
256.2928150121706
512.8664498346122
516.3917441778318
1032.7961584525315
2065.5925305685373
2065.5925305690284
4131.185061227927
4131.186153271528
4131.186153271528
8262.372306543057
16504.744613086114
16484.744613086114
16484.744613086114
32969.48922617223
65938.97845234445
65938.97845234445
65918.97845234445
131837.9569046889
131837.9569046889
263675.9138093778
527351.8276187556
527351.8276187556
1054703.6552375113
1054703.6552375113
2109407.3104750225
2109407.3104750225
4218814.620950045
4218814.620950045
4218814.620950045
8437629.24190009
8437629.24190009
Chelsea
0
10.0
29.138670159555762
37.60485328252162
84.06753369836872
172.41654924775932
163.1343033885739
319.3857413714068
320.82686355029676
630.1900287088737
630.2292303869693
1260.4664446345703
2508.9328988277457
2488.9330777214277
4977.866155442855
4957.866155442855
9915.73231088571
9915.73231088571
19811.46462177142
19811.46462177142
19811.46462177142
39610.92924354284
79221.85848708569
79201.85848708569
79181.85848708569
158363.71697417137
158363.71697417137
316727.43394834275
316727.43394834275
633442.8678966855
633422.8678966855
633422.8678966855
1266845.735793371
2533691.471586742
2533671.471586742
5067330.943173484
5067318.943173484
10134637.886346968
10134625.886346968
Tottenham
0
10.0
29.138670159555762
38.25273847939084
29.919182265979813
49.77838198913843
56.23556345796688
60.05922278791468
122.11118686154232
122.50876892505775
241.4922435068959
243.31890366967667
244.7802277623416
509.5602766310013
491.27577586796315
982.5517802374197
982.5519614958855
1965.103922991771
1965.1041394724139
3950.208248631401
7880.416497262802
7880.416497262802
15740.832994525605
15740.832994525605
31501.66598905121
63003.33197810242
126006.66395620484
125986.66395620484
125986.66395620484
251961.32791240967
251941.32791240967
251941.32791240967
503882.65582481935
1007765.3116496387
1007765.3116496387
2015530.6232992774
4031041.246598555
4031021.246598555
8062030.49319711
